# Gray1 in Gray0 coordinates
T_gray0_gray1: !!opencv-matrix
   rows: 4
   cols: 4
   dt: d
   data: [0.999997871208728,0.00203433733119192,-0.000345035701813647,0.254156200727329,
          -0.00203543221633887,0.999992798382587,-0.00320315448502775,0.000762624622412500,
          0.000338516920252090,0.00320384996296369,0.999994810362389,-0.00111605688001320,
          0.0,0.0,0.0,1.0]

# Gray0 in Xsens coordinates
T_xsens_gray0: !!opencv-matrix
   rows: 4
   cols: 4
   dt: d
   data: [-0.00375313,0.01609339,0.99986345,0.17517298,
          -0.99997267,-0.00642959,-0.00365005,0.13259005,
          0.00636997,-0.99984982,0.01611708,0.0670137,
          0.0,0.0,0.0,1.0]

# Gray1 in Xsens coordinates
T_xsens_gray1: !!opencv-matrix
   rows: 4
   cols: 4
   dt: d
   data: [-0.00406537,0.0128982,0.99990855,0.17295013,
          -0.99998236,-0.00438248,-0.00400914,-0.12155995,
          0.00433036,-0.99990721,0.01291578,0.06682273,
          0.0,0.0,0.0,1.0]

# Livox in RGB0 coordinates
T_rgb0_livox: !!opencv-matrix
   rows: 4
   cols: 4
   dt: d
   data: [0.002661338136792,-0.999952173706234,-0.009360135728922,0.146784421199849,
          -0.017816853650446,0.009310416709908,-0.999797750017266,-0.001255284242984,
          0.999837987719715,0.002828942411399,-0.017791249427923,-0.046659078700447,
          0.0,0.0,0.0,1.0]

# VLP16 in RGB0 coordinates
T_rgb0_vlp16: !!opencv-matrix
   rows: 4
   cols: 4
   dt: d
   data: [0.0238743541600432,-0.999707744440396,0.00360642510766516,0.138922870923538,
          -0.00736968896588375,-0.00378431903190059,-0.999965147452649 ,-0.177101909101325,
          0.999687515506770,0.0238486947027063,-0.00745791352160211,-0.126685267545513,
          0.0,0.0,0.0,1.0]

# VLP16 in Xsens coordinates
T_xsens_vlp16: !!opencv-matrix
   rows: 4
   cols: 4
   dt: d
   data: [0.999678872580465,0.0252865664429322,0.00150422292234868,0.0584867781527745,
          -0.0252723438960774,0.999649431893338,-0.0078025434141585,0.00840419966766332,
          -0.00170103929405540,0.00776298237926191,0.99996789371916,0.168915521980526,
          0.0,0.0,0.0,1.0]

# RGB1 in RGB0 coordinates
T_rgb0_rgb1: !!opencv-matrix
   rows: 4
   cols: 4
   dt: d
   data: [0.999994564612669,-0.00327143011166783,-0.000410475508767800,0.253736175410149,
          0.00326819763481066,0.999965451959397,-0.00764289028177120,-0.000362553856124796,
          0.000435464509051199,0.00764150722461529,0.999970708440001,-0.000621002717451192,
          0.0,0.0,0.0,1.0]

# RGB0 in Gray0 coordinates
T_gray0_rgb0: !!opencv-matrix
   rows: 4
   cols: 4
   dt: d
   data: [0.999982524528458,-0.00539912286036623,-0.00240834175943228,3.01013526465165e-05,
          0.00545035964136868,0.999747466455344,0.0218013049128025,0.0677773923745167,
          0.00229002564861052,-0.0218140502534471,0.999759422558282,-0.00163608453316537,
          0.0,0.0,0.0,1.0]

# RGB0 in Xsens coordinates
T_xsens_rgb0: !!opencv-matrix
   rows: 4
   cols: 4
   dt: d
   data: [-0.00140533,-0.00896721,0.99995881,0.18377395,
          -0.99999022,0.0042065,-0.00136765,0.14789743,
          -0.00419407,-0.99995095,-0.00897304,-0.0087318,
          0.0,0.0,0.0,1.0]

# RGB1 in Xsens coordinates
T_xsens_rgb1: !!opencv-matrix
   rows: 4
   cols: 4
   dt: d
   data: [-0.00120822,-0.00094742,0.99999882,0.18313715,
          -0.99997156,0.00744575,-0.00120114,-0.10587443,
          -0.00744461,-0.99997183,-0.00095639,-0.00933521,
          0.0,0.0,0.0,1.0]

# Livox in BMI088 coordinates
T_bmi088_livox: !!opencv-matrix
   rows: 4
   cols: 4
   dt: d
   data: [1.0,0.0,0.0,0.04165,
          0.0,1.0,0.0,0.02326,
          0.0,0.0,1.0,-0.0284,
          0.0,0.0,0.0,1.0]

# Livox in VLP16 coordinates
T_vlp16_livox: !!opencv-matrix
   rows: 4
   cols: 4
   dt: d
   data: [0.999720933555628,-0.021115535897662,-0.010640937263403,0.078892984525472,
          0.021249959531846,0.999693558510151,0.012715737127740,-0.006616171231626,
          0.010369166083027,-0.012938412074152,0.999862897778174,-0.176409152221505,
          0.0,0.0,0.0,1.0]

# Robot in Xsens coordinates
T_xsens_robot: !!opencv-matrix
   rows: 4
   cols: 4
   dt: d
   data: [1.0,0.0,0.0,-0.02725,
          0.0,1.0,0.0,0.0047,
          0.0,0.0,1.0,-0.84466,
          0.0,0.0,0.0,1.0]

# Ground in Xsens coordinates
T_xsens_ground: !!opencv-matrix
   rows: 4
   cols: 4
   dt: d
   data: [1.0,0.0,0.0,-0.02725,
          0.0,1.0,0.0,0.0047,
          0.0,0.0,1.0,-0.99466,
          0.0,0.0,0.0,1.0]

# Ground in rgb0 coordinates
T_rgb0_gnd: !!opencv-matrix
   rows: 4
   cols: 4
   dt: d
   data: [-0.001405327994923,-0.999990214762220,-0.004194062685923,0.147627631318251,
          -0.008967216130644,0.004206507284845,-0.999950942010653,0.987169768680794,
          0.999958802443323,-0.001367651947906,-0.008973033728081,-0.201972645092719,
          0.0,0.0,0.0,1.0]

# Ground in gray0 coordinates
T_gray0_gnd: !!opencv-matrix
   rows: 4
   cols: 4
   dt: d
   data: [-0.003753128043610,-0.999972666755515,0.006369970347266,0.121883443725433,
          0.016093388775707,-0.006429589662875,-0.999849820638674,1.059078867350985,
          0.999863448194408,-0.003650051935387,0.016117081219218,-0.219039614703276,
          0.0,0.0,0.0,1.0]