#Accelerometer
acc_noise2h: 0.001604773632018325 
acc_noise3h: 0.001626099055316296
acc_noise10h: 0.0017587405981393579
acc_noise20h: 0.0018013617645317311

acc_walk2h: 5.969480627455269e-05
acc_walk3h: 5.248181099502552e-05
acc_walk10h: 4.64794545666825e-05
acc_walk20h: 3.983572430107521e-05

#Gyroscope
gyro_noise2h: 0.00022254269340394006 
gyro_noise3h: 0.00022193510413227367
gyro_noise10h: 0.00022626841261219054
gyro_noise20h: 0.00022390403779667527

gyro_walk2h: 8.412540311848418e-06 
gyro_walk3h: 6.8935657524087025e-06
gyro_walk10h: 4.007500759166358e-06
gyro_walk20h: 2.992592996482247e-06

rostopic: '/livox/imu' #Make sure this is correct
update_rate: 200.0 #Make sure this is correct

