%YAML:1.0
---
type: IMU
name: DataSetImu
Gyr:
   unit: " rad/s"
   avg-axis:
      gyr_n: 1.9469935369265479e-03
      gyr_w: 2.6313724684534292e-05
   x-axis:
      gyr_n: 1.9067274987434070e-03
      gyr_w: 2.6978839381926753e-05
   y-axis:
      gyr_n: 2.1283301766628479e-03
      gyr_w: 2.9405259699913223e-05
   z-axis:
      gyr_n: 1.8059229353733887e-03
      gyr_w: 2.2557074971762899e-05
Acc:
   unit: " m/s^2"
   avg-axis:
      acc_n: 1.0107426441347569e-02
      acc_w: 8.0505518352379888e-05
   x-axis:
      acc_n: 1.1349839811796171e-02
      acc_w: 3.8661222185086499e-05
   y-axis:
      acc_n: 1.0657210986507451e-02
      acc_w: 5.8982129629467668e-05
   z-axis:
      acc_n: 8.3152285257390851e-03
      acc_w: 1.4387320324258550e-04
