# The raw calibrated imu intrinsics only take stationary properties into account, to conduct 
# real-world testing, some other processes will also happen, including temperature drift, motional effects, etc.
# So we recommend to increase the white_noise to several to 10x (or larger) to relax these errors.

#Accelerometer
acc_noise2h: 0.0005357150792275763 
acc_noise3h: 0.000535488193624578
acc_noise10h: 0.0005268654547629965
acc_noise20h: 0.0005307575378849891

acc_walk2h: 3.072601639556694e-05
acc_walk3h: 2.5027550167293067e-05
acc_walk10h: 1.5195543310222074e-05
acc_walk20h: 1.2228107031563524e-05

#Gyroscope
gyro_noise2h: 0.00011899262499920877 
gyro_noise3h: 0.0001189253027821168
gyro_noise10h: 0.00011811102320444579
gyro_noise20h: 0.00011886560156459636

gyro_walk2h: 4.325009744269941e-06 
gyro_walk3h: 4.446549265073217e-06
gyro_walk10h: 3.668051003540939e-06
gyro_walk20h: 3.658904990455156e-06

rostopic: '/imu/data' #Make sure this is correct
update_rate: 400.0 #Make sure this is correct

