#Accelerometer
accelerometer_noise_density: 1.0107426441347569e-02 
accelerometer_random_walk: 8.0505518352379888e-05 

#Gyroscope
gyroscope_noise_density: 1.9469935369265479e-03 
gyroscope_random_walk: 2.6313724684534292e-05 

rostopic: '/imu/data' #Make sure this is correct
update_rate: 400.0 #Make sure this is correct