%YAML:1.0
---
model_type: PINHOLE
camera_name: camera
image_width: 960
image_height: 600
distortion_parameters:
   k1: -0.060194715488128
   k2: 0.097872361377687
   p1: 0.0
   p2: 0.0
projection_parameters:
   fx: 645.5637158104681
   fy: 644.6523115974766
   cx: 471.2755868675698
   cy: 304.2698424873490
